00002a0000000000
0000000000000000
00002a0000000000
0000000000000000
00002a0000000000
0000000000000000
00001a0000000000
0000000000000000
00001a0000000000
0000000000000000
00001a0000000000
0000000000000000
0000370000000000
0000000000000000
00000a0000000000
0000000000000000
0000120000000000
0000000000000000
0000120000000000
0000000000000000
00000a0000000000
0000000000000000
00000f0000000000
0000000000000000
0000080000000000
0000000000000000
0000370000000000
0000000000000000
0000060000000000
0000000000000000
0000040000000000
0000000000000000
00002c0000000000
0000000000000000
0000280000000000
0000000000000000
00000f0000000000
0000000000000000
00000c0000000000
0000000000000000
0000170000000000
0000000000000000
00000f0000000000
0000000000000000
00000f0000000000
0000000000000000
0000080000000000
0000000000000000
00002c0000000000
0000000000000000
00002a0000000000
0000000000000000
00002a0000000000
0000000000000000
00002a0000000000
0000000000000000
0000060000000000
0000000000000000
0000040000000000
0000000000000000
00002a0000000000
0000000000000000
00002a0000000000
0000000000000000
00002a0000000000
0000000000000000
00002a0000000000
0000000000000000
00002a0000000000
0000000000000000
00002a0000000000
0000000000000000
00000f0000000000
0000000000000000
00000c0000000000
0000000000000000
0000170000000000
0000000000000000
00000f0000000000
0000000000000000
0000080000000000
00002c0000000000
0000000000000000
0000060000000000
0000000000000000
0000040000000000
0000000000000000
0000170000000000
0000000000000000
00002c0000000000
0000000000000000
00000c0000000000
00000c1100000000
0000110000000000
0000000000000000
00002c0000000000
0000000000000000
0000170000000000
0000000000000000
00000b0000000000
0000000000000000
0000080000000000
0000082c00000000
00002c0000000000
0000000000000000
00001a0000000000
0000000000000000
0000120000000000
0000000000000000
0000150000000000
0000000000000000
00000f0000000000
0000000000000000
0000070000000000
0000000000000000
0000280000000000
0000000000000000
00000a0000000000
0000000000000000
0000100000000000
0000000000000000
0000040000000000
0000000000000000
00000c0000000000
0000000000000000
00000f0000000000
0000000000000000
0000380000000000
0000000000000000
00002a0000000000
0000000000000000
0000370000000000
0000000000000000
0000060000000000
0000000000000000
0000120000000000
0000121000000000
0000100000000000
0000000000000000
0000280000000000
0000000000000000
0000060000000000
0000000000000000
00000b0000000000
0000000000000000
0000040000000000
0000000000000000
00000f0000000000
0000000000000000
00000f0000000000
0000000000000000
0000080000000000
0000000000000000
0000110000000000
0000000000000000
00000a0000000000
0000000000000000
0000080000000000
0000000000000000
4000000000000000
40001f0000000000
4000000000000000
0000000000000000
00000a0000000000
0000000000000000
0000100000000000
0000000000000000
0000040000000000
0000040c00000000
00000c0000000000
0000000000000000
00000f0000000000
0000000000000000
0000370000000000
0000000000000000
0000060000000000
0000000000000000
0000120000000000
0000121000000000
0000100000000000
0000000000000000
0000280000000000
0000000000000000
0200000000000000
0200090000000000
0200000000000000
0000000000000000
00000f0000000000
0000000000000000
0000040000000000
0000000000000000
00000a0000000000
0000000000000000
00002d0000000000
0000000000000000
00001e0000000000
00001e1f00000000
00001f0000000000
0000000000000000
0000200000000000
0000000000000000
0000210000000000
0000000000000000
0200000000000000
0200080000000000
0200000000000000
0200170000000000
0200000000000000
0200080000000000
0200000000000000
02000b0000000000
0200000000000000
0000000000000000
0000280000000000
0000000000000000
00000b0000000000
00000b0c00000000
00000c0000000000
0000000000000000
00002c0000000000
0000000000000000
0000100000000000
0000000000000000
0000120000000000
0000000000000000
0000100000000000
0000000000000000
0000360000000000
0000000000000000
0000280000000000
0000000000000000
00000c0000000000
0000000000000000
00002c0000000000
0000000000000000
00000f0000000000
0000000000000000
0000120000000000
0000000000000000
0000190000000000
0000190800000000
0000080000000000
0000082c00000000
00002c0000000000
0000000000000000
00001c0000000000
0000000000000000
0000120000000000
0000121800000000
0000180000000000
0000000000000000
00002c0000000000
0000000000000000
00002a0000000000
0000000000000000
0000370000000000
0000000000000000
0000280000000000
0000000000000000
0000050000000000
0000051c00000000
00001c0000000000
0000000000000000
0000080000000000
0000082c00000000
00002c0000000000
0000000000000000
0000280000000000
0000000000000000
